997 1090
296 128
532 824
817 30
366 888
874 217
462 635
269 819
454 472
945 855
115 703
973 948
441 16
988 524
262 413
280 398
23 152
764 726
774 212
229 500
779 922
970 545
795 901
586 567
915 599
506 397
388 769
359 415
354 775
747 74
435 956
672 474
255 331
346 6
728 563
507 486
649 538
912 560
768 133
923 203
437 755
288 894
137 568
971 313
882 267
112 594
938 66
910 11
242 35
712 482
808 894
451 736
968 332
439 878
586 316
270 347
768 664
69 47
78 431
188 526
45 147
498 424
865 413
820 868
454 399
628 974
14 637
642 314
176 368
575 210
112 937
327 539
350 712
674 682
727 660
625 547
16 375
87 986
134 310
257 694
839 790
22 799
107 786
55 402
65 80
747 208
218 568
949 474
552 450
243 560
560 507
455 339
725 607
815 264
293 981
261 384
996 643
328 710
907 402
750 386
693 397
815 26
113 70
552 394
566 900
57 498
329 904
527 736
7 174
573 235
802 23
602 781
271 840
655 906
123 673
990 254
464 851
632 684
591 174
294 808
904 57
208 614
722 524
147 381
467 314
594 226
661 164
843 579
591 104
427 334
692 720
34 740
808 292
987 160
814 42
169 930
408 571
265 963
585 982
493 421
104 489
915 783
19 249
445 749
591 626
305 471
417 253
88 192
139 38
966 553
262 434
780 830
638 213
39 603
549 620
162 766
895 368
980 718
282 648
494 417
582 930
171 59
148 593
322 941
82 523
411 54
591 248
370 460
601 676
422 449
52 136
379 476
811 790
483 786
527 712
287 794
952 406
806 347
563 261
810 828
38 613
521 397
500 484
749 157
690 633
881 508
156 496
614 459
383 288
467 545
441 607
513 817
358 734
890 63
472 910
211 994
32 785
886 95
348 663
381 976
371 181
234 831
367 886
289 918
685 296
646 829
135 65
958 611
911 448
167 582
500 545
592 587
289 164
274 176
934 217
461 295
938 788
283 126
494 991
305 675
399 815
951 639
189 209
748 943
532 652
37 42
175 834
871 762
938 390
101 797
918 435
768 523
865 403
678 494
709 514
242 705
532 493
630 183
301 952
629 569
613 647
285 789
419 126
684 390
403 463
758 402
659 814
160 863
113 794
700 646
242 810
564 439
136 930
939 741
236 45
124 674
562 165
267 3
853 766
174 842
83 113
119 181
980 710
617 516
468 770
733 718
767 195
565 234
523 674
821 824
685 619
188 996
163 268
172 878
806 257
889 335
731 787
341 936
484 526
597 388
349 343
335 425
686 643
174 863
90 326
199 2
474 108
560 648
64 374
327 238
978 566
341 160
958 771
127 238
609 46
552 698
753 674
870 747
119 716
297 184
720 13
484 591
917 666
236 856
750 819
950 378
553 118
712 628
65 242
112 411
604 596
530 851
918 805
193 60
537 367
199 960
281 840
46 98
855 867
910 669
358 808
493 150
212 733
438 727
115 367
44 162
68 81
156 227
642 768
301 284
444 181
350 944
852 115
112 734
357 246
276 338
909 212
29 858
881 964
220 654
729 531
993 284
174 69
826 954
182 140
280 827
737 219
651 682
922 898
673 402
308 551
693 235
854 523
175 856
68 916
137 198
681 313
601 176
642 19
415 635
776 716
490 917
669 596
16 662
254 714
577 38
633 193
592 190
256 867
599 700
63 974
272 890
808 697
738 379
240 299
382 655
819 371
334 467
170 602
43 124
187 550
792 708
408 925
881 856
485 431
431 40
966 621
210 754
531 938
518 495
893 133
650 491
51 390
980 330
417 942
925 800
808 201
283 7
367 349
725 330
66 89
955 258
68 802
615 38
576 439
368 401
251 954
147 220
391 106
700 242
558 691
508 618
402 421
851 273
930 180
315 742
401 117
817 739
177 761
539 828
545 475
80 216
488 783
294 750
470 931
181 308
109 823
478 448
60 720
401 151
703 485
931 434
697 685
15 701
135 81
719 110
27 175
133 157
979 414
473 746
785 840
715 49
915 28
148 918
858 888
31 900
800 723
272 919
918 368
551 252
946 982
677 568
801 284
725 75
49 986
249 949
400 403
666 710
797 740
429 673
995 66
31 437
421 549
345 772
616 502
31 186
760 388
672 305
955 298
282 45
184 788
465 562
741 319
305 905
852 451
107 5
722 719
149 609
358 406
129 174
397 44
909 853
696 537
634 510
220 14
103 381
264 742
666 295
896 200
341 530
496 530
781 928
873 730
741 991
47 184
861 307
304 649
829 730
962 789
425 406
763 785
71 555
271 783
464 551
746 456
611 702
930 732
326 715
534 913
615 216
312 442
898 577
446 822
140 69
160 741
192 10
943 516
444 743
534 170
871 776
445 443
526 523
895 75
787 338
757 239
953 62
220 971
418 722
146 431
8 790
447 750
175 255
397 411
313 594
259 777
216 407
312 492
968 241
862 868
39 777
896 861
536 155
485 8
551 383
567 94
469 272
996 168
445 387
562 886
920 173
790 750
598 203
674 845
381 951
351 152
319 759
622 948
84 623
788 740
39 246
387 526
77 427
849 402
449 88
598 834
921 329
622 421
473 141
703 452
595 433
520 266
611 798
324 510
487 810
309 829
25 471
507 22
95 764
800 571
949 847
930 569
385 812
265 141
972 109
890 928
145 288
414 689
175 381
135 80
809 657
890 906
711 572
733 601
708 528
532 209
669 933
8 740
49 114
527 59
168 675
990 384
665 959
563 871
805 871
177 546
705 72
42 654
960 247
592 655
505 261
254 879
494 733
678 888
647 692
252 818
31 825
537 497
912 580
542 638
902 320
261 449
65 485
630 584
837 864
569 2
50 488
36 127
183 726
392 751
485 961
525 705
608 896
960 701
927 539
430 851
240 414
330 941
990 765
527 559
315 120
477 685
642 857
229 182
204 23
940 521
515 618
15 250
424 57
505 234
230 489
509 423
669 573
726 694
840 781
576 365
311 104
682 357
595 421
138 975
509 385
328 552
797 952
670 115
546 632
818 501
428 152
385 830
564 411
73 845
763 201
929 374
501 405
451 695
642 917
84 308
64 178
187 710
701 523
440 430
655 518
296 936
501 715
827 543
41 307
959 567
279 563
482 701
679 33
411 88
677 882
494 473
139 668
104 138
715 182
840 734
439 896
741 885
187 648
324 368
552 354
270 203
778 581
942 610
919 145
159 164
66 936
251 953
282 881
49 760
862 874
971 660
369 601
40 390
746 123
468 399
342 318
916 561
178 129
463 982
879 493
5 42
60 860
558 813
156 662
366 577
438 210
820 838
894 595
466 455
938 989
932 884
535 664
485 759
975 663
161 792
562 286
643 140
189 893
78 645
729 127
476 931
152 895
113 214
41 671
790 220
338 821
113 622
670 854
386 167
936 771
663 165
468 406
728 796
289 570
344 300
976 962
627 129
594 740
610 948
70 908
397 116
497 14
133 701
670 525
710 19
86 340
510 257
876 315
969 719
19 848
706 123
979 890
266 268
909 917
5 537
444 596
794 708
606 286
899 743
98 709
157 47
361 518
250 949
310 631
544 986
516 72
615 255
541 810
751 222
927 89
894 87
772 270
993 523
904 158
266 469
437 111
696 610
624 975
742 27
591 536
696 32
463 752
538 729
446 486
975 524
736 854
409 483
193 103
115 61
590 100
634 794
54 271
479 822
670 765
865 211
538 171
147 941
132 610
82 949
989 646
966 527
635 626
921 55
597 308
908 503
90 244
83 573
669 643
458 269
638 919
389 708
607 785
269 476
206 124
64 158
893 495
61 858
550 945
692 784
215 19
641 184
698 910
3 716
540 670
697 159
680 42
28 35
969 663
580 940
783 616
617 625
582 854
907 957
444 199
687 497
277 334
310 3
34 137
109 270
771 161
759 896
306 764
782 948
550 859
817 365
871 566
90 659
281 266
944 70
476 831
469 719
133 875
738 131
74 365
930 62
126 631
974 422
157 854
18 413
991 824
722 316
688 244
17 877
655 912
327 407
183 690
717 317
254 283
35 993
452 233
840 391
462 741
924 124
604 489
418 343
169 818
589 935
617 401
587 718
737 317
539 744
498 326
420 321
895 545
34 807
598 179
646 218
85 698
741 37
85 918
472 230
463 917
812 38
410 325
499 697
23 180
504 319
347 30
458 634
438 331
283 668
19 328
822 117
103 174
442 430
963 492
2 60
303 361
676 494
714 247
447 790
14 170
163 115
692 207
416 620
686 773
959 222
615 500
176 961
361 462
193 951
127 224
70 705
470 435
889 429
721 152
490 878
577 809
556 139
87 172
219 738
665 739
45 394
467 222
430 907
771 194
346 393
643 896
18 88
145 864
125 31
471 119
264 63
507 365
696 921
761 124
515 201
410 580
483 902
651 85
939 271
328 965
614 174
495 91
19 585
186 723
914 517
654 914
666 709
709 782
478 604
990 401
836 492
197 117
359 316
359 592
205 975
558 450
734 472
784 128
68 202
693 148
996 329
985 445
996 242
811 41
402 401
426 373
132 972
635 804
91 651
211 406
408 172
86 715
974 212
978 730
238 802
490 898
813 102
167 469
737 249
442 410
567 88
683 9
841 329
79 641
668 317
997 480
668 512
668 569
774 305
90 614
396 745
396 469
161 629
172 271
787 809
345 561
909 483
435 656
8 822
226 85
829 53
263 665
645 463
895 980
576 363
462 565
80 52
280 406
699 432
341 819
836 423
112 568
533 250
474 567
995 580
279 471
320 39
696 772
849 789
172 630
653 839
899 892
147 515
459 182
315 125
227 996
127 905
738 691
32 758
79 982
480 88
334 286
559 355
670 290
454 704
562 186
191 396
912 256
89 641
907 695
311 262
319 753
693 434
248 229
647 905
808 366
280 627
902 882
206 819
646 572
116 574
235 474
112 544
996 790
244 384
879 232
211 961
110 887
443 989
